2 55.2 1033.9 0.657054901 ave dis 0.32994606009183020 0.52212735284179734
3 69.5 703.525 0.445189744 ave dis 0.32994606009183020 0.35922615307001710 0.49675094895635613
4 74.8 582.576 0.432064354 ave dis 0.32994606009183020 0.20366342826395906 0.29298706325715868 0.48435475337984307
5 76.7 537.886 0.447082937 ave dis 0.42645305695263208 0.40479581858566466 0.32994606009183020 0.29225911110296809 0.21205329392599848
6 78.3 500.512 0.460860431 ave dis 0.32090856617347141 0.51855774807561306 0.39119420608104261 0.32994606009183020 0.28148654899577225 1.8282113062188132E-002
7 80.2 457.321 0.489726365 ave dis 0.32090856617347141 0.51663837377271504 0.38946188232964940 0.31999616880538101 0.24605236602446537 1.8282113062188132E-002 0.31717045024960444
8 81.1 435.241 0.501945734 ave dis 0.22169661727087553 1.5706548830877021E-002 0.31999616880538101 0.31717045024960444 0.49305712685764180 0.34870553899694373 0.32216301985282275 0.56384288096427915
9 82.0 415.79 0.488222480 ave dis 0.24510119149747950 0.87356134372598981 0.27830717875198885 0.53768263266932581 0.48906240892479785 0.38946868242888616 0.11971454592687743 0.24347616518537205 1.8282113062188132E-002
10 83.2 387.478 0.507980764 ave dis 0.21756930907770078 0.44648681240757621 0.32103863987995651 0.86585689480624983 0.34475402608513833 0.27830717875198885 0.55773815761009848 1.5706548830877021E-002 0.42877726851667397 0.11971454592687743
11 83.8 374.764 0.510572016 ave dis 0.45235440271501320 0.11971454592687743 0.48709763340897611 0.42105808035498526 1.8282113062188132E-002 0.21795967000890787 0.32441744539472794 0.51997027509696003 0.86585689480624983 0.27830717875198885 0.24408460813216293
12 84.0 369.033 0.406401843 ave dis 1.8282113062188132E-002 0.24152758527133200 0.37310696197183507 0.11971454592687743 0.51028945506288759 0.19632484581649612 0.86585689480624983 0.38511893643725731 0.47409711763696766 0.27830717875198885 0.31974209276389104 9.3754073992471570E-002
13 84.7 352.95 0.424170822 ave dis 0.20006799790559765 0.21717014107501731 0.45961613188951445 0.39815526832768944 0.86585689480624983 0.45401070300075741 0.20521266173764210 0.51591064297515932 0.27830717875198885 0.11971454592687743 0.22360601001664213 0.44107815325260163 1.5706548830877021E-002
14 85.2 341.253 0.394455314 ave dis 0.11971454592687743 0.39862066224731246 0.13268358277374523 0.53292691873179543 0.44158015266442913 0.86585689480624983 0.44423506379127503 0.33426190759891117 0.53871144025356743 1.5706548830877021E-002 0.20329952052309258 0.27830717875198885 0.36699657025290472 0.12731633963254230
15 85.6 333.188 0.391477287 ave dis 0.11719382510722032 0.37119226273096784 0.43917598004464981 0.86585689480624983 0.44081607411715612 0.33426190759891117 0.54062697622511124 1.5706548830877021E-002 0.20652206343299936 0.27830717875198885 0.38155855825782692 0.32731898411594590 0.12831779493038731 0.50845195029092871 0.11971454592687743
16 85.9 325.205 0.434566021 ave dis 0.37539049983024597 0.22953536524169746 0.82878263394037888 0.43537918930379754 0.33622744916730624 0.54062697622511124 1.5706548830877021E-002 0.19757194232435957 0.76797197694363806 0.38155855825782692 0.32731898411594590 0.12831779493038731 0.50845195029092871 0.11967701720339911 0.41487449682675875 0.11323133409023285
17 86.3 316.683 0.413621485 ave dis 0.41825260286745819 7.2485385635464458E-002 0.37440151841073604 0.22360601001664213 0.86585689480624983 0.43537918930379754 0.33622744916730624 0.47082801357559534 1.5706548830877021E-002 0.19119829068300109 0.27830717875198885 0.38056686290485020 0.32731898411594590 0.12262901399793813 0.50845195029092871 0.11971454592687743 0.39560582116246223
18 86.4 314.077 0.430783927 ave dis 0.41825260286745819 0.37922007838884991 0.26238332706547918 0.37552278713412479 0.19330707057728053 0.33465489869316417 0.73619286860189126 0.74552580288478310 0.50845195029092871 0.79544079138172996 0.39941777464765937 0.11749571476419880 0.42911252505698444 0.21382516885505004 0.11323133409023285 1.5706548830877021E-002 0.47032110729525167 0.20080707580424273
19 86.7 307.057 0.434215844 ave dis 0.18487779239250213 0.63477146311810140 0.36978865803127559 0.38981063342561911 0.20404392257742174 0.45006299369475422 0.11515349106884551 0.21235781063636144 9.5171658582584834E-002 0.79222360514757928 0.40563929290510714 0.15007919486824825 0.96770436826505157 0.47229927198754418 1.4063140093956305E-002 0.45318542726068611 0.48126257346435025 0.22126457235392402 0.41215234659276567
20 87.0 299.25 0.440572977 ave dis 0.75042170557108789 0.13783220729848300 0.11323133409023285 0.41272837984132338 0.75947215627221498 0.72678688682358839 0.29361572607674380 0.47124218398874457 0.19387477481822399 0.45750834989821776 0.61208374831411572 0.39500324399240555 0.36813283092539073 0.46029392667114732 3.6649783155811369E-002 1.5706548830877021E-002 0.11749571476419880 0.22126457235392402 0.45613991618156435 0.31438028587870404
21 87.3 292.427 0.445378631 ave dis 0.78769790487630031 0.41825260286745819 0.47010805470901623 0.22115340656959093 0.45006299369475422 0.38226727023720741 0.16620025337532215 0.43526559946488363 0.13362150507814743 0.38152671538626970 0.12911631661454137 0.33622744916730624 0.97829277677969495 0.34431382870837435 0.36957592974816050 0.34121985877713851 1.5706548830877021E-002 0.11515349106884551 0.22441227762472063 7.0801454393199570E-002 0.38739329132071715
22 87.6 285.184 0.453805327 ave dis 7.0801454393199570E-002 1.5706548830877021E-002 0.76796000628244310 0.56931825608446973 0.36587059001127881 0.11555229286464412 0.39679860737588668 0.13362150507814743 0.40133237276437150 0.41992350451407895 0.12288381195228015 0.48208484776092297 0.12372579751536250 0.77581956982612610 0.15402584568403913 0.66354067268825712 0.37815229718092902 0.12020466214844158 0.46433150954544544 0.29857199692300390 0.21269825692429686 0.44519989506194468
23 87.8 281.928 0.428706706 ave dis 0.47124218398874457 9.7448636237749325E-002 0.67752253725415179 0.46922494311417851 0.76982300947694215 0.42228912264108659 0.70121694844344562 0.11749571476419880 0.32682995335198939 0.31620118275386133 0.37096010814321800 0.45006299369475422 0.34200618147022194 9.5171658582584834E-002 0.43526559946488363 0.22196502374375568 0.34017072790417791 0.18193999313689926 1.5706548830877021E-002 0.38973533387841852 0.36656358247936360 7.2485385635464458E-002 0.81887023895978928
24 87.9 280.112 0.462849140 ave dis 0.86768833796183265 0.80584722346272963 0.22115340656959093 0.43031450281751915 0.34121985877713851 0.31620118275386133 0.76796000628244310 0.47010805470901623 0.40513727689782780 0.13398248392082893 0.44160282798111439 0.27337824801603955 0.11724906805422382 0.38739329132071715 0.12988302266538734 5.1544391891831971E-002 0.37578866793248888 1.5706548830877021E-002 0.12372579751536250 0.12585395082252185 0.36957592974816050 0.48926248604601080 0.48668388496426973 0.34431382870837435
25 88.2 273.054 0.465422601 ave dis 9.5171658582584834E-002 0.72678688682358839 0.12372596825282740 0.67752253725415179 0.68339983001351357 0.78522510786314270 0.41825260286745819 0.47010805470901623 0.21078317735071589 0.46858705783432181 0.44110642172194814 0.35911669700502236 0.39309345886987801 0.12250135034322739 0.37889664044434374 0.12911631661454137 0.30628318924989018 0.35011688450520689 0.34431382870837435 0.36293950350615228 0.34121985877713851 1.5706548830877021E-002 0.11749571476419880 0.45006299369475422 3.3539736200616045E-002
26 88.1 273.865 0.455957294 ave dis 0.47219857573509216 0.80584722346272963 0.38236502896655689 0.45366920202465383 0.18919748195060870 0.49714982717536216 0.24879252314567565 0.12372579751536250 0.42723729941580030 0.14264248909715277 0.36387007805838512 0.31486556953505468 0.33680410485933809 0.76796000628244310 0.33070882345948899 0.36721937156149320 0.55661534837314064 1.2481105499986321E-002 0.11724906805422382 0.87722537517547605 7.0301204816334784E-002 0.39551210504467205 0.10629920353101434 0.21582465413315544 0.10637321528689615 0.15641166235385037
27 88.5 265.326 0.438486040 ave dis 0.31154691747256685 0.69021399725567212 0.24627295820439449 0.33088760638338888 0.67600674488965207 0.44209687132388353 0.10950159923189637 5.8317629216086395E-002 1.5706548830877021E-002 0.65275771170854568 0.42369250618681614 0.34814682074131503 0.12940539992772615 0.34909067679311812 0.13570877869875686 0.29762018977531363 0.40134035002800728 9.7448636237749325E-002 0.32488801628351210 9.5171658582584834E-002 0.70121694844344562 0.18566823854668760 0.77536646808896748 0.45549362626942719 0.74009582613195690 0.44101387646890455 0.44837923600988566
28 88.5 264.635 0.461376876 ave dis 0.44899625778198243 0.12232861943542957 0.36106701059774921 0.32526497983414193 0.37570707968303135 0.81887023895978928 0.34431382870837435 0.12262901399793813 0.29209464867909751 0.11749571476419880 1.4101685667346557E-002 0.14343439956957643 0.41825260286745819 0.68918738983295580 9.5171658582584834E-002 0.46165203543809746 0.39335574997322897 0.30171840099522668 0.50782154732280305 6.0092587006833827E-017 0.77321432862016892 0.20133885698793810 0.42514174922983700 0.37652608662619624 0.40350347986588109 0.67752253725415179 0.35719033181667326 6.9468455202233007E-002
29 89.0 253.679 0.474432886 ave dis 0.11480938116538114 3.4522066982287283E-002 1.5706548830877021E-002 0.65275771170854568 0.57784466251083044 0.37450481256596130 0.10893363590267571 0.32470759278849554 0.69696345925331116 0.41782558936139813 0.42303185390703607 0.12262901399793813 0.47289924696087837 9.5171658582584834E-002 0.68918738983295580 0.12056305708599763 0.77536646808896748 0.30512821125356776 0.71549995342890427 0.46433150954544544 0.20735933106731286 0.21254060724467944 0.38376774798546520 0.43521898133414133 0.30668991721338695 0.33861441885431609 0.12635679657358934 0.39161751456934996 0.44209687132388353
30 88.9 257.124 0.463156432 ave dis 0.57139606475830074 0.10789792710887407 0.12372579751536250 0.48548671344052191 0.28779118870561188 0.33465489869316417 0.77536646808896748 0.12006055277706397 0.27851366322664989 0.43100142851471901 0.30394404066296726 0.77057764385685779 0.54588981853290042 0.44423665934138828 0.43796979128450586 0.59754704727846031 0.38236502896655689 0.12022474651786849 3.5127757411254082E-002 0.41050751636857574 0.76796000628244310 0.34662035081238873 0.21877175640492214 0.39689883362087941 0.44430021678700166 0.33675942706390166 3.6743393084805481E-002 0.38150654688025964 1.4101685667346557E-002 0.49152188748121262
31 89.0 253.484 0.467431873 ave dis 0.27040128467174679 0.31147958570664080 0.91449080522243797 0.36223437127314118 0.39655001915019489 0.11568881523707052 0.36881136442675733 0.11323133409023285 0.70407186022826607 7.0801454393199570E-002 0.62943884171545506 0.49742286687805537 0.73452445492148399 0.38236502896655689 0.46613873865293420 0.21078317735071589 0.42341552767902613 0.24879252314567565 0.15407933753443831 0.41423083593448001 0.12988302266538734 0.36336280703544616 0.44423665934138828 0.10893363590267571 0.34437863286151443 0.30907437634287460 0.35730360128261424 0.51872521774335345 1.2481105499986321E-002 0.11749571476419880 0.42815078701823950
32 89.2 249.379 0.471787155 ave dis 0.76327675428145969 0.44423665934138828 0.41182020994333118 0.65999067288178659 0.38236502896655689 0.13119362479988106 0.13362150507814743 0.41954527960883248 0.76796000628244310 0.28686810192996509 0.20469961551405627 0.39237203661884579 0.35547890746966004 0.33914144966803805 7.5801279969806040E-002 0.40139760690576892 1.4101685667346557E-002 9.6338682284113020E-002 0.48548671344052191 0.30576913744211198 0.46021766283295373 0.40663664255823406 0.45152981308373535 0.39653247701270239 0.75429811802777380 0.39695055219862196 4.9477078235751884E-002 0.35379193204172543 0.27798588849880079 5.9887793520465492E-002 0.12372579751536250 0.33841426041908562
33 89.3 246.082 0.475872904 ave dis 0.75429811802777380 0.76796000628244310 0.38099412918090819 0.39804713303844136 0.12372579751536250 0.41825260286745819 0.34442057104214380 0.61473961437449731 9.6338682284113020E-002 0.43618842789105006 0.40526529106982917 0.40748224701992303 0.12020466214844158 6.0092587006833827E-017 0.32754247125826386 0.32895929898534504 0.76327675428145969 0.32207993610251334 0.13842603347310617 5.1544391891831971E-002 0.62929277718067167 0.30512821125356776 0.37813201721976786 0.35862483183542887 0.20856993700280510 0.29824698586826737 0.10893363590267571 1.4101685667346557E-002 0.43254479070504509 0.27040128467174679 0.46581581359108287 0.12895895817344732 0.30381396068976474
34 89.2 248.221 0.441157639 ave dis 0.68912855121824479 0.36088995167808813 0.16647461706776576 0.45006299369475422 1.5706548830877021E-002 0.45536908805370330 0.77536646808896748 0.63348396619160974 0.84901406367619836 0.63477146311810140 0.30625921001559808 0.30171840099522668 0.36106701059774921 0.31106644147826779 9.5171658582584834E-002 0.34832273085707244 6.9981196818166766E-002 0.58630971983075142 0.39856728553771975 0.20233470238979506 0.60334202647209167 6.0092587006833827E-017 0.38473188621657234 9.7448636237749325E-002 0.51298919217339878 0.43881545697941499 0.33766104280948639 0.38236502896655689 3.6743393084805481E-002 0.41271875863489899 0.38973626669715433 0.31782282143831253 0.49290801327804040 0.38842827302438243
35 89.6 240.071 0.474458516 ave dis 8.5665902878385949E-002 0.40023592741865860 0.56336415598266998 0.42509285951482839 0.21078317735071589 0.11241203211569992 0.39667998694005557 0.30436350014366087 6.0092587006833827E-017 0.36821370292454958 0.63477146311810140 0.31203356674358024 0.33189106413296293 0.30512821125356776 0.62429240887815307 0.47053287306736258 0.22399332225322724 0.55927460640668869 0.43881545697941499 0.10893363590267571 0.69696345925331116 1.4101685667346557E-002 6.5979896178403941E-002 0.14074700270794432 0.77536646808896748 0.43389143918951351 0.34890409612778533 0.30346287512084813 8.4735415551973420E-002 0.42041125334799290 0.74837496380011237 0.44101387646890455 0.11747128245505420 0.35423822535408866 0.20735933106731286
36 89.6 238.902 0.479051620 ave dis 0.30138814668445024 0.47077544430891671 0.11480938116538114 0.46752789210189472 1.9920454132389354E-002 0.34623052397121984 0.38376774798546520 0.29731230293550798 0.67673048973083494 0.23602378903291163 0.35943752486963532 0.57279055884906227 0.43108846942583717 0.68918738983295580 0.22056398823343473 1.5706548830877021E-002 0.65275771170854568 0.24218265160918237 0.37309321582965227 0.10893363590267571 0.30025441534056957 0.12250135034322739 0.69696345925331116 0.44548963991607110 8.5665902878385949E-002 0.47727746209677530 9.5171658582584834E-002 0.72120344638824463 0.11020650670582813 0.52174830436706543 0.30512821125356776 0.63763169021833510 0.44101387646890455 0.20735933106731286 0.21078317735071589 0.41528700232505800
37 89.9 234.224 0.472762525 ave dis 0.11345059424638748 0.43494664215379292 0.38236502896655689 0.27040128467174679 0.39525058140625824 0.32250066910471237 0.38784326504969940 0.53011108327794954 0.10489804552705496 3.6743393084805481E-002 0.41259062731707535 0.23206401226066409 0.40513727689782780 0.10941992943836411 0.19501239197646700 0.10893363590267571 0.34426052123308182 0.17899710436662039 0.38800860264084558 0.31129952580542175 0.89073271643031726 0.39288279116153718 0.65275771170854568 0.33246778288195211 1.4101685667346557E-002 0.30568930850579190 0.62317405475510490 3.5127757411254082E-002 0.69696345925331116 0.73929943357195171 0.18011392671614884 0.37443348889549571 7.4605840248065991E-002 0.51197656753816101 0.44837923600988566 0.27337824801603955 0.37526790095844131
38 89.9 232.675 0.476910859 ave dis 0.39061400464602880 1.9920454132389354E-002 0.22399332225322724 0.33990758548422556 0.30282850811878842 0.64418818950653078 0.24400123991072178 0.35943752486963532 0.53011108327794954 0.42567474419070828 4.4295370649054366E-002 0.19386014936580545 1.4101685667346557E-002 0.65275771170854568 0.48548671344052191 0.34647597952892906 0.10893363590267571 0.30395512744784353 0.74135024680031669 0.78701376914978027 0.41142047316797320 8.5328559739043908E-002 0.47547651529312135 9.5171658582584834E-002 0.69084094285964970 0.10715170329114279 0.77536646808896748 0.30512821125356776 0.60741838812828064 0.44101387646890455 0.20109461698421213 0.20298528279873390 0.39580327920291736 0.38397566974163055 0.25452836675971163 0.37972092695200621 0.12250135034322739 0.37204751435079075
39 89.8 234.757 0.482207537 ave dis 0.71518983495862865 3.4522066982287283E-002 0.10352743860888988 0.13225622794457845 0.72161767482757566 0.34829703345894814 0.12504936240613460 0.70447789629300439 0.31783697272048278 0.45397247848185623 8.6576718882269227E-002 0.40430258902219623 0.76316805680592859 0.38585448637604713 0.35862483183542887 0.56124167475435471 0.38236502896655689 0.27364568130390066 0.29283400518553598 0.30698544257565547 0.40536521176497142 0.41062985526190865 0.37623068122636705 0.11294159381207540 6.0092587006833827E-017 0.24490370287706978 0.35970649987459180 0.75199475413874572 0.28830719140230443 0.10416403044032442 0.23708901154822198 0.62429240887815307 0.30512821125356776 0.29116535025188722 0.41233401621381444 0.21905873560657105 0.32176790595985949 0.35923713510451111 1.4101685667346557E-002
40 90.2 227.294 0.460972428 ave dis 0.28952536366202614 0.30523549715677895 0.36413081372395539 0.27337824801603955 0.10352743860888988 0.20178424681092169 0.63300384879112248 0.23987423706995814 0.29419954996260383 0.44861788153648374 0.38236502896655689 0.37443348889549571 0.15150930339097976 0.11271994402367802 0.41230441209597463 0.20657693157777374 0.50926332135458252 0.75429811802777380 0.30587005780802834 1.4101685667346557E-002 3.6743393084805481E-002 0.43100142851471901 0.39457196990648907 0.27040128467174679 0.31327998292233261 3.3405467663242511E-002 0.29508777425901311 0.33033898661191435 0.39237203661884579 0.44423665934138828 0.60334202647209167 0.70814755346093861 9.6338682284113020E-002 0.61358055822989521 0.24283202012924299 0.41142047316797320 0.10893363590267571 0.39418573000214319 0.65119123283554525 0.69696345925331116
41 90.1 228.697 0.462032288 ave dis 0.41775400171408783 1.5706548830877021E-002 0.67948711376923776 0.58021991203228629 0.64843270182609558 0.70716612537701928 0.73609290520350135 0.28271556527099828 0.27040128467174679 0.63873601172651562 0.31106644147826779 0.23269370436668396 0.30773296591735655 0.50568667692797520 0.64812548557917282 0.39804713303844136 0.20233470238979506 0.34832273085707244 6.0092587006833827E-017 0.37677355652505701 8.5328559739043908E-002 0.46388663848241168 0.73148563504219055 0.33056744387452031 0.38236502896655689 3.6743393084805481E-002 0.36611449718475342 0.36918505467474461 0.50667199740807212 0.50926332135458252 0.38842827302438243 3.7625596959715922E-002 0.37731823801994324 0.36106701059774921 0.27337824801603955 0.39309345886987801 0.10893363590267571 0.71097371975580848 0.35792136247511264 0.13601305324181512 8.4926336517800460E-002
42 90.3 222.861 0.485697091 ave dis 0.10893363590267571 0.76316805680592859 0.70716612537701928 0.41807786325613655 0.69696345925331116 0.33056744387452031 0.11019573050599567 0.35190706575910252 0.27040128467174679 0.50568667692797520 0.18239881536539862 0.34829703345894814 0.21078317735071589 0.42097938151070569 0.66708417236804962 0.66526806354522705 0.36037715825072508 0.30512821125356776 0.35565971801377305 9.5171658582584834E-002 0.42925604619085789 9.7448636237749325E-002 0.30774436776454633 0.38236502896655689 0.27337824801603955 0.45152981308373535 0.12250135034322739 0.61868996279580257 0.36088177561759949 0.30731092631816864 6.0092587006833827E-017 0.73693600893020628 0.39580327920291736 0.37272576310417871 1.4101685667346557E-002 0.38376774798546520 0.35943752486963532 0.72823598555156166 3.5127757411254082E-002 0.22687825921334717 0.35236046117331299 0.11512464718164309
43 90.3 224.216 0.489843369 ave dis 0.31203356674358024 0.22111343027967395 0.27337824801603955 0.39580327920291736 8.6831805989146235E-002 0.39061400464602880 0.37443348889549571 0.40116372952858609 0.20108153917797053 0.61383069980712168 0.33990758548422556 0.29949336031735951 0.34426052123308182 0.36281801221218513 8.4735415551973420E-002 0.41230441209597463 0.43095137178897858 2.9729642312635075E-002 0.77536646808896748 0.45152981308373535 0.23537018455442835 0.47531143575906754 0.24607655576297216 8.8619114239426214E-002 0.69696345925331116 0.42928681629044668 3.6723161953386298E-002 0.11019969372482029 0.85038625342505314 0.43389143918951351 0.35062318675372067 0.30031728029859311 0.68489310255757085 0.41142047316797320 0.63714296817779537 0.44101387646890455 0.11345059424638748 0.35423822535408866 0.20109461698421213 0.40748224701992303 1.4101685667346557E-002 0.11019573050599567 0.65275771170854568
44 90.4 220.459 0.468868881 ave dis 0.35862483183542887 8.5665902878385949E-002 0.65275771170854568 0.46752789210189472 0.30005597244752080 5.9887793520465492E-002 0.77536646808896748 0.11747128245505420 0.23897146038485295 0.36876446505387622 0.47531143575906754 0.74930384082178914 0.52759654819965363 0.34829703345894814 0.30523549715677895 0.59754704727846031 0.38236502896655689 9.9352433639554483E-002 0.22296329008208382 0.40526529106982917 0.69696345925331116 0.29500344333549339 0.19919560284785975 0.37966247521913971 0.35887374616030493 0.31628416653941660 3.6743393084805481E-002 0.38250694051384926 1.4101685667346557E-002 0.85973709821701050 0.14206576677130872 0.29508688078915818 0.34503615647554398 0.39282186735760083 0.44861788153648374 0.36475666314363481 0.37443348889549571 0.38849332644825890 3.3405467663242511E-002 0.34113939786734787 0.26252324820733536 0.40861493578323949 7.4605840248065991E-002 0.30348011699773497
45 90.4 221.283 0.471835583 ave dis 0.20543057459496683 0.31272521733291564 0.34847174240992618 0.29123643834305846 0.69696345925331116 0.35943752486963532 0.38948209854689514 8.6831805989146235E-002 0.33101098472252488 8.4735415551973420E-002 0.67580967882405152 8.7822908814660261E-002 0.65275771170854568 6.0092587006833827E-017 0.69830302328898985 0.38236502896655689 0.46464015272530640 0.17589890617358533 0.36273964455253199 0.45112146768305039 0.29840575513385592 0.39124111107417514 0.11760287261520973 0.42232288207326618 0.34829703345894814 0.27040128467174679 0.85973709821701050 0.31027503537409235 0.35474810738003615 0.47135093311468762 9.0869608054083475E-003 3.6743393084805481E-002 0.43481021622816723 3.3405467663242511E-002 0.33990758548422556 0.34504812079317432 0.18355755091874632 0.10893363590267571 0.34417013512101285 0.13417796652857997 0.35922283589839937 0.29695613133279902 0.77536646808896748 0.39869780889872847 0.51965609428129700
46 90.5 219.849 0.465413153 ave dis 0.69696345925331116 0.67580967882405152 0.27245703480153716 0.17748188288652733 0.77706552403313778 0.39804713303844136 0.41322872042655945 1.0766217991409973E-002 0.28691143691539767 3.3405467663242511E-002 8.6279954129979158E-002 6.0092587006833827E-017 0.75522580742835999 0.20345247029844257 0.33189106413296293 0.10889539369087681 0.10352743860888988 0.27337824801603955 0.28779118870561188 9.7321707192201942E-002 0.79057335853576660 0.12895895817344732 0.50329271455605828 0.36876446505387622 0.26967923435164087 0.69830302328898985 0.50614373087882991 0.44423665934138828 0.37001437120712721 0.48666275721607788 0.38236502896655689 7.9298043889658790E-002 0.23095427672652638 0.40638129548592999 0.65119123283554525 0.33978352876933843 0.18650147203624862 0.38996967584339542 0.45469841493500601 0.31919989551323047 3.6743393084805481E-002 0.38183740992099047 0.37443348889549571 0.47531143575906754 0.19737322963774204 0.36054660566151142
47 90.8 212.1 0.413163900 ave dis 0.10753987259972139 0.34829703345894814 0.19507456716635954 0.36106701059774921 0.64418818950653078 0.36431699246168137 0.44761180591124755 0.25486409564812978 9.6338682284113020E-002 0.43102142477736755 0.34584102870487587 1.5706548830877021E-002 0.10893363590267571 0.22377522560683163 0.30479983415673761 0.30979371786117554 0.64384996891021729 0.22151390663706338 3.5676139304941554E-002 0.52278729081153874 0.70716612537701928 0.36779679712795077 0.14258410488484335 0.39740749512399948 0.50568667692797520 0.58021991203228629 0.56071007003386819 0.31106644147826779 2.0821800455451012E-002 3.6743393084805481E-002 0.12232861943542957 0.52174830436706543 0.31403571078136788 0.60702845123079086 0.28450339614299308 0.48927892067215661 0.69696345925331116 0.32342951893806460 0.19648545651241792 0.41807786325613655 0.38142943965352100 9.5171658582584834E-002 0.42500695272495870 0.35862483183542887 0.57333926643644062 0.72161767482757566 0.33256966248154640
48 90.7 215.252 0.424609661 ave dis 0.39655001915019489 0.10889539369087681 0.38183740992099047 7.4605840248065991E-002 0.79057335853576660 5.6254298952610596E-002 0.65275771170854568 6.0092587006833827E-017 0.64418818950653078 0.38236502896655689 0.46492120623588562 0.25392695647828717 0.37022140026092532 0.43175635593278067 0.21918262482162507 0.37209631718935504 0.11049188477630467 0.35278661549091339 0.44423665934138828 0.27040128467174679 0.36106701059774921 0.33150303406991821 0.30093223150623472 0.49152188748121262 0.10138937261603449 3.6743393084805481E-002 0.38743847387808339 0.20132377042489893 0.37461535963747239 0.29705447440195565 0.18817254882070084 0.10893363590267571 0.27337824801603955 0.13614985303332408 0.39260091676431541 0.33441637621985543 0.72157844901084900 0.39288279116153718 0.33825677407510352 0.29528486728668213 1.2481105499986321E-002 0.67580967882405152 0.52207045677380681 3.3405467663242511E-002 0.69696345925331116 0.62900011163008840 0.16056657412222453 0.44938105557646069
49 90.8 211.688 0.442019194 ave dis 0.18965657386514875 0.27341176885547058 0.64418818950653078 0.36241104224553478 0.46581581359108287 0.16124488326022401 9.6338682284113020E-002 0.41142047316797320 0.32259960617639322 1.9316602228828088E-003 0.10893363590267571 0.27383473639686901 0.31937649075327246 0.30677913099822429 0.64384996891021729 3.8722185418009758E-002 3.3405467663242511E-002 0.57784466251083044 0.70716612537701928 0.40748224701992303 8.4755457462780029E-002 0.36106701059774921 0.48253834476837743 0.58021991203228629 0.64812548557917282 0.33707787580788134 2.6320088441328455E-002 4.1089507362133341E-002 0.10258240019390871 0.52174830436706543 0.33041618030140363 0.60764800275073327 0.28772721028533477 0.50507674117883050 0.69696345925331116 0.30512821125356776 0.17758574463972232 0.44209687132388353 0.53138136367003119 8.4926336517800460E-002 0.20467065833508968 0.31059359357907224 0.22004794674133188 0.40619695322080090 0.32689752155228663 0.24918476939201356 0.32746095110972723 0.38170247312103001 0.40023592741865860
50 90.9 209.06 0.434381276 ave dis 0.85973709821701050 6.7259872680514809E-002 0.65275771170854568 6.0092587006833827E-017 0.63714296817779537 0.38236502896655689 0.35547890746966004 0.22094392577807109 0.17651757001876830 0.42401239275932312 0.51414137085278833 0.39798064157366753 0.11328000138152619 0.41142047316797320 0.30125446819389862 0.27040128467174679 0.36106701059774921 0.30836393977656507 0.30512821125356776 0.50628136149768177 9.5418345585868161E-002 3.6743393084805481E-002 0.40033658266067507 0.22296329008208382 0.36431699246168137 8.4154648360826312E-002 0.18817254882070084 0.10893363590267571 0.28118440757195157 0.13417796652857997 0.39749033536229816 0.38150654688025964 0.76316805680592859 0.35923713510451111 0.19511053206051809 0.34265734255313873 1.9316602228828088E-003 0.30081846614678703 0.59754704727846031 3.3405467663242511E-002 0.69696345925331116 0.68477231004963746 0.16140772093619618 0.37443348889549571 7.4605840248065991E-002 0.51689761579036708 0.45152981308373535 0.27337824801603955 0.32693684082932589 0.23310314141102692
