2 11.3 81.5298 0.198622450 ave dis 0.21150895786459137 7.1310535921105020E-002
3 20.7 72.842 0.257959753 ave dis 7.2485385635464458E-002 0.21631997190192789 0.18942231942192428
4 29.3 64.9266 0.317140639 ave dis 0.21545836585293332 0.11841218911036096 0.17153772829787189 7.2485385635464458E-002
5 31.0 63.3787 0.316006720 ave dis 0.17629412722129087 0.11841218911036096 0.20136328403017309 7.2485385635464458E-002 0.17153772829787189
6 37.0 57.852 0.367450744 ave dis 0.21545836585293332 0.11841218911036096 0.61708230956604604 0.28485053610890659 0.11550349885863917 3.8921384724663263E-002
7 40.0 55.1628 0.372231096 ave dis 3.8921384724663263E-002 0.28190630976412745 0.11371102425822079 0.11841218911036096 0.21545836585293332 0.27337824801603955 0.66773413618405664
8 42.1 53.2193 0.375391394 ave dis 0.11059002516897583 0.32810494005680085 0.21545836585293332 0.66323571205139165 0.34473317173811108 3.6723161953386298E-002 0.11841218911036096 0.29638957806297989
9 44.5 50.9888 0.383452386 ave dis 4.1366458269062954E-002 0.42159798605875537 6.0092587006833827E-017 0.20657693157777374 0.11769158036327687 0.34473317173811108 0.67886823415756226 0.33613784918013739 0.11841218911036096
10 46.5 49.1855 0.379163504 ave dis 0.21545836585293332 0.66323571205139165 0.23251663961193778 3.5127757411254082E-002 0.10637294320562451 0.27591838201215446 0.12019816533692422 6.0092587006833827E-017 0.38177282611529034 0.51379875342051184
11 48.3 47.4703 0.381108552 ave dis 0.22447564189924912 0.66323571205139165 0.11344246532083774 0.19441013188026418 0.34681948613036762 9.7478412240616930E-002 6.0092587006833827E-017 0.34473317173811108 0.20499149807121442 3.6889611153901741E-002 0.39145320723223131
12 49.9 46.0023 0.378350735 ave dis 0.19931320111590919 0.21805177858242622 0.66323571205139165 0.11344246532083774 0.17373821349597415 0.38177282611529034 9.5721203594198556E-002 6.0092587006833827E-017 0.34473317173811108 0.36120925664901732 3.5127757411254082E-002 0.37331684264871812
13 51.4 44.7023 0.355368137 ave dis 0.21056414674967527 0.34473317173811108 0.13430218010389505 0.22111343027967395 0.42363856307097841 6.0092587006833827E-017 3.3405467663242511E-002 9.9438670961949874E-002 0.17004393797833472 0.11344246532083774 0.18977517657438103 0.34681948613036762 0.66323571205139165
14 52.8 43.3466 0.355438411 ave dis 0.27337824801603955 0.34681948613036762 9.4508181239646286E-002 0.22111343027967395 0.20499149807121442 0.59622201749256676 0.19511053206051809 3.3405467663242511E-002 0.11344246532083774 0.13215721158658045 0.37331684264871812 0.36120925664901732 0.54743713140487671 6.0092587006833827E-017
15 53.3 42.9384 0.366335958 ave dis 0.36120925664901732 0.18334654891597374 0.34681948613036762 0.10987507275392100 0.12794618366350388 0.26774286031723021 0.34473317173811108 7.9192509800898578E-002 3.3405467663242511E-002 0.30397824020612807 0.37983872111027056 0.66323571205139165 0.22111343027967395 0.19561188345154126 6.0092587006833827E-017
16 55.2 41.1875 0.425378323 ave dis 9.1286962250836740E-002 0.22111343027967395 0.19561188345154126 0.30397824020612807 0.23251663961193778 3.4018515668949992E-002 0.10637294320562451 0.19901972171965610 0.17659526944160461 0.36120925664901732 0.54743713140487671 6.0092587006833827E-017 0.34660684475393005 0.51379875342051184 0.52775408824284875 0.34681948613036762
17 55.3 41.0437 0.429371715 ave dis 6.0092587006833827E-017 0.29686990806034635 0.38127539839063374 9.5192025961547064E-002 0.24615253894417374 0.11344246532083774 3.5017962198493617E-002 0.20805933901241846 3.8722185418009758E-002 0.27337824801603955 0.38177282611529034 0.17819237546815025 0.54743713140487671 0.19867996685206890 0.38988595117222180 0.25978583749383688 0.59622201749256676
18 57.0 39.5428 0.420408070 ave dis 0.38177282611529034 0.17619339271750248 0.54743713140487671 0.33998093903064730 6.0092587006833827E-017 0.10265937548441191 0.39360915124416351 0.17531039754423913 9.4444495290870359E-002 3.5127757411254082E-002 0.33813361823558807 0.19494727750619253 0.30397824020612807 0.19553563939897636 0.23251663961193778 0.35925191019972164 0.51379875342051184 0.0000000000000000
19 57.4 39.1048 0.361937702 ave dis 0.38522883256276447 0.18864265696062305 3.3405467663242511E-002 0.19606534105080825 0.10265937548441191 0.18334654891597374 0.23251663961193778 0.19229346827456825 0.35491518139839173 0.11578202589104573 0.19494727750619253 0.34681948613036762 0.11560573978255494 0.32864052474498751 0.51379875342051184 0.33998093903064730 8.2570398399474651E-002 0.62556785345077515 6.0092587006833827E-017
20 58.3 38.3537 0.387577713 ave dis 1.6632675798988441E-002 0.17659526944160461 0.36120925664901732 0.29000741696876026 3.8722185418009758E-002 0.12612953432629595 6.0092587006833827E-017 0.22111343027967395 0.34681948613036762 0.31788127550057005 0.10683842065433662 0.20133892369681392 0.26447858661413193 8.2263957239937652E-002 0.33998093903064730 0.38522883256276447 0.13716294579207897 0.54743713140487671 0.34473317173811108 0.19042130438265978
21 59.6 37.1143 0.373213202 ave dis 0.20813566157894750 9.9443972542097692E-002 8.9065192609892360E-002 6.0092587006833827E-017 0.31147827093417829 0.36036350684506552 0.10531926960095592 0.30283830165863035 0.51379875342051184 3.3405467663242511E-002 0.15664008011420569 3.8722185418009758E-002 0.18334654891597374 0.34681948613036762 0.15965435104291947 0.54743713140487671 0.33998093903064730 0.34104410980058752 0.23251663961193778 0.52775408824284875 0.17524850397527991
22 60.4 36.355 0.371175677 ave dis 0.31788127550057005 0.39539751211802165 0.0000000000000000 0.18047529976751844 3.3405467663242511E-002 0.34681948613036762 0.10265937548441191 0.18334654891597374 0.23251663961193778 0.19229346827456825 0.28283052490307736 0.39360915124416351 0.20813566157894750 0.33998093903064730 0.16294069896851268 0.31106804440850799 0.51379875342051184 0.17659526944160461 7.1959252118087208E-002 0.54743713140487671 6.0092587006833827E-017 7.9821932354485092E-002
23 61.0 35.8817 0.392902881 ave dis 0.19494727750619253 0.31069781755407649 0.17524850397527991 0.18024541171533720 7.9329749865785296E-002 0.33813361823558807 6.0092587006833827E-017 9.9443972542097692E-002 0.52775408824284875 8.3263921110253589E-002 0.17575560946290086 3.8722185418009758E-002 8.7161298517299729E-002 0.28325742390006781 0.38177282611529034 0.23251663961193778 0.15965435104291947 0.54743713140487671 0.19074923779283251 0.51379875342051184 3.1819243600216658E-002 0.26654369632403058 0.35161289572715759
24 61.6 35.3151 0.381543487 ave dis 7.3465938727229327E-002 0.18872204619018654 0.18125271684830152 0.33841848000884056 0.39360915124416351 9.3846437580724987E-002 1.6632675798988441E-002 0.23749828849520002 0.35161289572715759 0.32735737945352283 3.8722185418009758E-002 0.14603062958589622 6.0092587006833827E-017 0.20467065833508968 0.34681948613036762 0.31865531911975459 0.38804929455121356 0.23251663961193778 0.37111641679491314 8.0955341020460009E-002 0.51379875342051184 0.0000000000000000 0.15786468147328406 0.54743713140487671
25 62.0 34.9245 0.383807957 ave dis 8.6296396265886186E-002 6.0092587006833827E-017 0.27219769656658171 0.35002061266165513 0.10356247942237293 0.30283830165863035 9.3846437580724987E-002 0.13479860511918862 0.17767410857809915 3.8722185418009758E-002 0.33998093903064730 0.34681948613036762 0.13656410402976549 0.54743713140487671 0.18858252431071082 0.33667416125535965 0.25252123375733693 0.52775408824284875 0.17641083017373696 0.23251663961193778 1.6632675798988441E-002 0.28283052490307736 0.38804929455121356 0.51379875342051184 0.19004560858011246
26 62.6 34.3292 0.384790123 ave dis 7.7615534586291154E-002 0.29552263580262661 9.3846437580724987E-002 0.13716294579207897 0.20467065833508968 3.8722185418009758E-002 0.17359932424391017 0.34681948613036762 0.16190430810374598 0.54743713140487671 0.33998093903064730 0.36403347551822662 6.0092587006833827E-017 0.39360915124416351 0.15526759781887833 8.2999315491613393E-002 1.6632675798988441E-002 0.38804929455121356 0.29219595094521839 0.0000000000000000 0.34452500513621737 0.23251663961193778 0.35145279367764792 0.51379875342051184 0.15719322697259486 0.16919885296374559
27 63.2 33.8465 0.391387045 ave dis 0.51379875342051184 0.54743713140487671 6.0092587006833827E-017 0.34681948613036762 0.31147827093417829 0.17524850397527991 0.18764321113887586 7.7304497117307427E-002 0.28283052490307736 0.32443682187133366 0.19004560858011246 0.52775408824284875 5.2898568411668144E-002 0.16976386665677032 3.8722185418009758E-002 8.7760178837925196E-002 0.26235652665297188 0.10239645641516237 0.23251663961193778 0.15965435104291947 0.36195748920241994 0.19722826735061758 8.9315923191206431E-002 3.2440683282347338E-002 0.22318360015102054 0.38489404320716858 0.38804929455121356
28 63.7 33.3749 0.299453020 ave dis 0.30259063318371771 5.0811771977821302E-002 0.26235652665297188 0.39360915124416351 0.35555991124023090 0.35161289572715759 0.18616887181997299 0.18438907770010141 0.0000000000000000 0.42663544416427612 0.38804929455121356 6.0092587006833827E-017 0.18511907003509501 0.33162593990564349 7.8905614934585713E-002 0.54743713140487671 0.13283088405070634 0.17089893089400399 0.18171399481156292 0.15270774088361683 0.14822962652477953 0.23251663961193778 7.6947441216298318E-002 1.4481040820175288E-002 0.14081202985511887 6.9838129604856178E-002 0.20464273889859516 0.34681948613036762
29 64.6 32.4882 0.391211748 ave dis 9.1660780672516137E-002 1.4481040820175288E-002 0.18160026752286487 0.17033055424690247 0.37589347091588104 0.39360915124416351 7.6947441216298318E-002 0.31950744489828747 6.0092587006833827E-017 0.23251663961193778 0.18904444415654456 7.4271175036362061E-002 0.17659526944160461 0.13668392196297646 0.33998093903064730 0.28283052490307736 0.18569915079408222 0.17089893089400399 0.0000000000000000 0.0000000000000000 0.15259635765105486 0.34681948613036762 0.33385749657948810 0.54743713140487671 0.17113980348221958 0.30259063318371771 8.0051108012123715E-002 0.15965809869683451 0.38804929455121356
30 65.9 31.3549 0.288072437 ave dis 0.39360915124416351 0.33055767789483070 0.33650403022766112 0.10739404559135438 0.29478517174720764 0.22779824336369833 7.9849195759228914E-002 7.5957798322693240E-002 0.15965435104291947 0.19004560858011246 0.38804929455121356 8.1160597717282415E-002 0.15161088601716102 0.34681948613036762 4.4415734204891567E-002 0.42663544416427612 0.31069781755407649 0.54743713140487671 1.6632675798988441E-002 0.12894478735738787 0.24026150256395340 6.0092587006833827E-017 0.0000000000000000 0.13546872006789332 0.32757326960563660 0.33998093903064730 0.17089893089400399 0.18334654891597374 0.23251663961193778 3.8722185418009758E-002
31 66.1 31.1725 0.409617752 ave dis 0.16937886012925041 0.38489404320716858 0.14528017491102219 3.8722185418009758E-002 0.38804929455121356 0.34681948613036762 0.15965435104291947 0.49972081184387207 0.16072328761219978 0.0000000000000000 6.0092587006833827E-017 0.0000000000000000 0.16400111053843755 0.23340492364433077 1.4481040820175288E-002 0.42663544416427612 0.13479860511918862 0.32757326960563660 0.31069781755407649 0.23251663961193778 0.35555991124023090 0.39360915124416351 0.19494727750619253 4.7914599636932474E-002 0.33813361823558807 0.17131040336155309 0.16324833345909914 0.17089893089400399 0.20203062593936921 7.7010405677415072E-002 9.9370619145835323E-002
32 66.1 31.1643 0.332806081 ave dis 6.9838129604856178E-002 0.33957430983290954 0.54743713140487671 6.6982998032090263E-002 0.22219570798258628 0.14753078053826871 0.26235652665297188 0.11884434670209884 9.5033660451782506E-002 0.23251663961193778 0.33653908520936965 1.6632675798988441E-002 2.5483694954592490E-002 0.0000000000000000 0.51379875342051184 2.6320088441328455E-002 0.26257861764342699 0.13964888760967861 0.24630247056484222 0.27219769656658171 3.8722185418009758E-002 0.31258407235145569 6.0092587006833827E-017 0.13879600082928278 3.8781079981062144E-002 0.15442701301404407 0.15705569479614495 0.36734871864318847 0.39360915124416351 0.32443682187133366 0.34681948613036762 0.18334654891597374
33 66.1 31.1685 0.357068837 ave dis 7.2982397951906725E-002 0.21494494378566742 0.33650403022766112 0.38804929455121356 0.30271568894386292 1.4481040820175288E-002 0.27219769656658171 1.6517187914122707E-002 0.15026051341556013 0.18576732629703152 0.17033055424690247 0.28283052490307736 0.15517329260268631 6.9459731926221444E-002 0.24011312621204475 6.0092587006833827E-017 0.23251663961193778 0.39360915124416351 6.7202687468175051E-002 0.36195748920241994 0.12014573947949843 0.33998093903064730 0.18620175585664553 0.18616887181997299 0.17089893089400399 0.0000000000000000 0.42663544416427612 0.15553577256108087 0.34681948613036762 0.26186115108430386 0.54743713140487671 0.13450074940919876 0.13605802782155849
34 67.7 29.714 0.387932241 ave dis 3.8722185418009758E-002 0.26447858661413193 6.0092587006833827E-017 0.23251663961193778 0.15529665164649487 0.14818082909498895 0.15877816129903324 0.0000000000000000 0.20486809153641974 2.0943906752670063E-002 0.20706795041377729 0.29118074689592632 0.31471566731731099 0.12894478735738787 0.36705621828635532 0.39360915124416351 0.29219595094521839 0.16072169060094488 0.17588280759206631 0.49972081184387207 0.33998093903064730 1.5318749760224567E-002 0.51379875342051184 6.1137197754618261E-002 0.14750736288049004 0.38804929455121356 9.3846437580724987E-002 0.34681948613036762 0.0000000000000000 0.20318229136795835 7.3465938727229327E-002 2.1226036197998944E-002 0.19150334410369396 0.30895423626198487
35 67.7 29.7009 0.417556435 ave dis 0.34681948613036762 6.0092587006833827E-017 0.17659526944160461 8.5759227173300926E-017 0.15492200975616774 0.21040895474808557 0.18471645625929037 0.32757326960563660 6.9838129604856178E-002 0.16919885296374559 0.17507905179056629 0.0000000000000000 0.38732025878770010 0.29132987558841705 0.33385749657948810 0.12894478735738787 0.23251663961193778 0.32117359439531962 0.48601490259170532 0.30405558831989765 0.33998093903064730 0.0000000000000000 0.15344069328378229 0.14429913132506259 9.3846437580724987E-002 0.38804929455121356 1.6632675798988441E-002 0.17359932424391017 0.20706795041377729 0.28283052490307736 0.19150334410369396 6.6264825093497320E-002 0.15251802608813389 0.39360915124416351 0.49972081184387207
36 68.3 29.1334 0.387778074 ave dis 0.24669927265495062 0.0000000000000000 0.51379875342051184 7.3465938727229327E-002 0.23251663961193778 0.38804929455121356 2.1226036197998944E-002 0.20706795041377729 0.49972081184387207 0.39360915124416351 0.12576892652681895 0.14360153992418889 0.32438036633862388 0.36734871864318847 6.1667219226727951E-002 0.34681948613036762 0.0000000000000000 0.14818082909498895 0.18312601381263069 0.15529665164649487 3.8722185418009758E-002 0.16937886012925041 0.26235652665297188 2.6320088441328455E-002 0.19330731693368691 0.13548022479403252 0.16273157402045196 7.1943400361958676E-002 0.27795604509966715 0.20318229136795835 0.31258407235145569 0.27219769656658171 0.30227052792906761 1.5318749760224567E-002 0.31285783377560700 6.0092587006833827E-017
37 68.9 28.5981 0.366945803 ave dis 0.26447858661413193 0.12999402054331519 4.7914599636932474E-002 7.0472462491152132E-002 6.0092587006833827E-017 0.29118074689592632 0.22335870563983917 0.10000047477937880 0.22736965678632259 0.16937886012925041 0.12576892652681895 0.14960315960802531 3.8722185418009758E-002 0.31258407235145569 0.34681948613036762 0.15877816129903324 0.49972081184387207 0.17409893923572131 0.36734871864318847 0.37438290317853290 0.0000000000000000 0.16072169060094488 0.32574985921382904 1.4481040820175288E-002 0.0000000000000000 0.38804929455121356 4.6710661715931363E-002 0.19494727750619253 0.23251663961193778 0.31165531548586761 0.39360915124416351 0.0000000000000000 0.33650403022766112 0.28283052490307736 0.16601076586679978 2.0821800455451012E-002 0.17089893089400399
38 68.8 28.6346 0.412596643 ave dis 6.0092587006833827E-017 0.31069781755407649 0.19088621872166792 0.14679908028670718 0.26662682462483644 7.1525592028218163E-002 0.12894478735738787 0.14530683122575283 3.8722185418009758E-002 0.33385749657948810 0.34681948613036762 0.15965435104291947 0.0000000000000000 0.18616887181997299 0.0000000000000000 0.35820569736616953 0.0000000000000000 0.16400111053843755 0.17796497046947479 1.4481040820175288E-002 0.0000000000000000 0.0000000000000000 0.38804929455121356 0.32757326960563660 0.23251663961193778 0.36195748920241994 0.39360915124416351 0.29132987558841705 0.13636133189384753 0.28283052490307736 0.14873611824265842 0.17659526944160461 0.17089893089400399 0.21745223077860745 0.18904444415654456 6.9838129604856178E-002 0.13965199453135332 5.6313678461598071E-002
39 69.3 28.2083 0.392102093 ave dis 0.31285783377560700 0.17853587865829468 0.23251663961193778 0.24669927265495062 0.0000000000000000 0.51379875342051184 7.3465938727229327E-002 0.32757326960563660 0.38804929455121356 2.1226036197998944E-002 0.20706795041377729 0.49972081184387207 0.39360915124416351 0.12576892652681895 0.11936280131340027 0.32438036633862388 0.0000000000000000 6.1111955427177692E-002 0.34681948613036762 0.0000000000000000 6.0092587006833827E-017 0.13930205777287483 0.17640774250030516 3.8722185418009758E-002 0.16937886012925041 0.19150334410369396 2.6320088441328455E-002 0.19374904495019180 0.13548022479403252 0.15014074807581695 7.1943400361958676E-002 0.27795604509966715 0.20318229136795835 0.30650627985596657 0.27219769656658171 0.30227052792906761 1.4481040820175288E-002 0.27584715187549591 0.31260661780834198
40 69.6 27.8989 0.405372411 ave dis 0.13879600082928278 0.16177952724198499 0.23251663961193778 0.12576892652681895 6.3720661461281136E-002 0.33997092396020889 1.6517187914122707E-002 0.34681948613036762 0.0000000000000000 0.38804929455121356 0.19494403898715973 0.48601490259170532 0.49972081184387207 6.0092587006833827E-017 0.33385749657948810 0.31055647134780884 0.15610377469532927 0.18616887181997299 0.25056963413953781 0.25376005470752716 0.32443682187133366 0.0000000000000000 0.39360915124416351 0.27219769656658171 0.15729865597354042 3.8722185418009758E-002 9.0592108511676386E-002 0.17796497046947479 2.8423866205331352E-002 2.6320088441328455E-002 0.24630247056484222 0.26675385236740112 0.14818082909498895 9.3846437580724987E-002 1.4481040820175288E-002 0.24838516387072476 0.33998093903064730 0.15529665164649487 0.18691407971911961 0.14457305300014991
41 70.1 27.5035 0.388289720 ave dis 0.27812704443931580 2.6320088441328455E-002 0.18904444415654456 0.13548022479403252 0.24087346451623098 0.23251663961193778 1.6632675798988441E-002 0.38804929455121356 0.16395018116021767 0.16994684562087059 0.28283052490307736 0.49972081184387207 0.33385749657948810 0.28338291247685748 0.0000000000000000 0.39360915124416351 0.24408935336396098 0.40980917587876320 6.9838129604856178E-002 0.27219769656658171 0.29402441382408140 0.26447858661413193 0.14818082909498895 4.7914599636932474E-002 6.2734571224852889E-002 6.0092587006833827E-017 0.17089893089400399 0.0000000000000000 0.14822962652477953 0.19150334410369396 0.16937886012925041 0.12576892652681895 0.15342268369653644 3.8722185418009758E-002 0.0000000000000000 0.16565897919841716 0.26041324933369953 0.23180373438767024 0.23490273739610398 0.38489404320716858 0.0000000000000000
42 70.5 27.1385 0.378519714 ave dis 0.19494403898715973 1.4481040820175288E-002 4.0102283841213296E-002 0.0000000000000000 0.22646052864464847 2.0821800455451012E-002 0.21354474059560083 0.12351341833148086 0.39360915124416351 0.27219769656658171 3.8722185418009758E-002 0.33998093903064730 6.0092587006833827E-017 0.13434272822068663 3.8781079981062144E-002 0.15476019505877048 5.6680994534904099E-002 8.3586599346664223E-002 0.20550422556698322 0.23573720455169678 0.16179079896417156 0.38154092431068420 0.21748748328536749 0.17659526944160461 0.18620175585664553 0.31055647134780884 0.28283052490307736 0.15333977807313204 0.26360619068145752 0.48601490259170532 0.30411314405500889 0.31744664534926414 6.8866807146597722E-002 8.1907297248270977E-002 0.16715646209195256 0.20860144495964050 0.38804929455121356 0.34681948613036762 0.49972081184387207 0.24440123140811920 0.0000000000000000 0.13636133189384753
43 70.8 26.8343 0.391107082 ave dis 0.29132987558841705 3.8722185418009758E-002 0.19494403898715973 0.33385749657948810 0.23336534414972579 0.15529665164649487 0.14818082909498895 0.13548022479403252 0.0000000000000000 0.11986864436613887 2.0943906752670063E-002 0.20706795041377729 6.0092587006833827E-017 0.25811842083930969 0.11555125163151668 0.48601490259170532 0.39360915124416351 0.0000000000000000 0.15306915992072651 0.16521190420577400 0.49972081184387207 0.31258407235145569 1.5318749760224567E-002 0.36734871864318847 2.2818083567369096E-002 0.15653940973182520 0.19912784546613693 5.0538149572549818E-002 0.34681948613036762 0.38804929455121356 0.18691407971911961 6.9838129604856178E-002 4.6710661715931363E-002 0.31022012084722517 0.37438290317853290 2.6320088441328455E-002 0.19150334410369396 0.14788107548294396 0.28283052490307736 0.23251663961193778 0.20116744637489320 0.30310900674925911 8.9315923191206431E-002
44 71.3 26.3712 0.323216081 ave dis 0.14692409474116105 0.16937886012925041 3.8781079981062144E-002 0.19773464240133762 0.39360915124416351 0.36734871864318847 0.38804929455121356 0.22507978230714798 4.7914599636932474E-002 0.38154092431068420 0.34681948613036762 0.15729865597354042 6.7389024871176692E-002 0.18921821862459182 0.14507799717512998 0.12014573947949843 0.31258407235145569 0.0000000000000000 9.0467140078544617E-002 0.28280457605918247 0.14583721160888671 0.23251663961193778 0.18616887181997299 0.32574985921382904 0.0000000000000000 6.0092587006833827E-017 0.49972081184387207 4.1095661075964365E-002 0.14753078053826871 0.28283052490307736 0.30411314405500889 2.9363768931720904E-002 0.16792054888274935 0.19150334410369396 0.31744664534926414 3.8722185418009758E-002 0.26447858661413193 6.2410400958643072E-002 0.0000000000000000 0.16066117485364279 0.14818082909498895 0.14973499702996221 0.0000000000000000 0.12272371833141034
45 71.0 26.6549 0.341292590 ave dis 0.23251663961193778 0.23490273739610398 0.0000000000000000 0.0000000000000000 6.7389024871176692E-002 0.13450074940919876 0.11363345116376877 2.1226036197998944E-002 0.19088621872166792 0.49972081184387207 0.39360915124416351 0.38804929455121356 0.13125500312218299 0.28283052490307736 0.36679625511169434 5.8475005884583181E-002 0.17089893089400399 0.0000000000000000 0.37438290317853290 0.17470874587694804 0.16946254856884480 3.8722185418009758E-002 0.16937886012925041 0.22150572921548570 2.0821800455451012E-002 0.17150644864886999 0.13548022479403252 0.15505819788701097 4.7914599636932474E-002 0.24087346451623098 0.18691407971911961 0.31260661780834198 0.29686990806034635 0.24326760073502859 1.4481040820175288E-002 0.33385749657948810 6.0092587006833827E-017 0.32757326960563660 0.31655928492546082 2.0071034053606645E-002 0.34681948613036762 0.30650627985596657 0.14583721160888671 0.15746748251350304 0.18387531116604805
46 71.8 25.8944 0.393137008 ave dis 0.23251663961193778 0.0000000000000000 0.32887517909208935 0.13879600082928278 0.20116744637489320 0.0000000000000000 0.12894478735738787 6.6896490452401258E-002 0.24438730378945669 2.0943906752670063E-002 0.34681948613036762 0.38367665559053421 0.31260661780834198 0.19494403898715973 0.51379875342051184 0.29118074689592632 6.0092587006833827E-017 0.14583721160888671 0.31055647134780884 0.15014074807581695 0.18764321113887586 0.39360915124416351 0.28283052490307736 2.1226036197998944E-002 7.1943400361958676E-002 0.0000000000000000 0.28890238702297211 0.15973912837893464 3.8722185418009758E-002 9.0818050652742385E-002 0.19150334410369396 2.5343435736639160E-002 0.0000000000000000 0.22646052864464847 0.26675385236740112 0.15841386881139544 0.16937886012925041 1.5318749760224567E-002 0.16815117965726292 0.0000000000000000 0.15225749124180188 0.18691407971911961 0.11685603663877205 2.0230177570197086E-017 0.38804929455121356 0.31744664534926414
47 72.0 25.7604 0.352989346 ave dis 2.6320088441328455E-002 1.5318749760224567E-002 0.13944652646780015 0.31285783377560700 0.30154202630122501 2.1226036197998944E-002 0.38804929455121356 0.30227052792906761 6.1192793115390151E-002 2.5343435736639160E-002 0.23336534414972579 0.17684732090968353 0.30285137891769409 7.1525592028218163E-002 0.14818082909498895 0.34681948613036762 4.0335305240647545E-002 0.0000000000000000 0.31997947953641415 0.15188546358577668 0.10086940750479698 0.19423648342490196 0.19912784546613693 6.0092587006833827E-017 0.0000000000000000 0.15779415937796445 0.26447858661413193 0.0000000000000000 9.0467140078544617E-002 0.17018877896593837 0.23251663961193778 3.8722185418009758E-002 0.28283052490307736 0.39360915124416351 0.15529665164649487 0.23380428552627563 0.11558531378877573 0.19150334410369396 0.0000000000000000 0.31260661780834198 9.0818050652742385E-002 0.0000000000000000 0.29423614697796957 0.0000000000000000 0.34508930891752243 0.13548022479403252 0.29118074689592632
48 72.3 25.4867 0.408802867 ave dis 0.26447858661413193 0.12847680263221264 4.7914599636932474E-002 5.5524877679851051E-002 6.0092587006833827E-017 0.27219769656658171 0.17197148616497332 0.10979882914286393 0.23367087968758174 0.16937886012925041 0.12576892652681895 0.13771443480047688 3.8722185418009758E-002 0.14966018311679363 0.34681948613036762 0.13819615566171706 0.49972081184387207 0.16072328761219978 0.31260661780834198 0.31997947953641415 0.0000000000000000 0.24669927265495062 0.14408530933516367 9.9667823019747928E-003 0.38804929455121356 0.0000000000000000 2.1226036197998944E-002 0.18691407971911961 0.23251663961193778 0.29098030030727384 0.39360915124416351 0.0000000000000000 0.33667416125535965 0.28283052490307736 0.15615754988458422 2.0821800455451012E-002 0.17089893089400399 0.22942627668380738 0.14728275984525679 7.3465938727229327E-002 0.10075281305169617 0.24992092698812485 0.13636133189384753 0.13434272822068663 0.23234905437989670 0.30184042453765869 0.16771311685442924 0.38248016685247421
49 72.8 24.9688 0.419349045 ave dis 0.0000000000000000 0.21863373927772045 0.19494403898715973 0.29118074689592632 0.17707033199923380 0.13930205777287483 0.31079491600394249 1.6517187914122707E-002 0.23251663961193778 0.13548022479403252 1.4481040820175288E-002 6.7389024871176692E-002 2.1226036197998944E-002 0.29132987558841705 0.38154092431068420 0.16937886012925041 6.0092587006833827E-017 0.21733732894062996 0.15529665164649487 0.13195300256383830 0.39360915124416351 0.15014074807581695 0.26271027462048963 0.33385749657948810 5.4668346491570659E-002 0.19088621872166792 0.24587023608824787 0.0000000000000000 0.18548342585563660 6.1031006588577637E-002 0.30411314405500889 0.38804929455121356 0.31258407235145569 0.18691407971911961 0.18616887181997299 9.0467140078544617E-002 0.0000000000000000 0.0000000000000000 0.11685603663877205 0.26041324933369953 0.24087346451623098 0.0000000000000000 0.13450074940919876 0.20787105912511999 0.28108207881450653 0.25811842083930969 0.49972081184387207 3.8722185418009758E-002 2.0821800455451012E-002
50 72.8 24.9802 0.343028665 ave dis 4.0992714438972802E-002 0.17089893089400399 0.31955734321049284 0.24394554472886598 0.12032972018306072 0.26030834205448627 4.6710661715931363E-002 0.38804929455121356 0.30049483974774677 0.15333977807313204 0.49972081184387207 0.30184042453765869 7.1525592028218163E-002 0.17551177620887756 0.13824652507901192 3.8722185418009758E-002 0.30285137891769409 0.23919006188710532 0.15167740596966309 0.26569008827209473 0.11558531378877573 0.13400787942939335 0.0000000000000000 0.31260661780834198 7.3465938727229327E-002 0.0000000000000000 0.15762694925069809 0.0000000000000000 0.35604409376780194 0.13879600082928278 0.22335870563983917 0.25829977542161942 1.4481040820175288E-002 7.2534398566520178E-002 0.26675385236740112 1.6517187914122707E-002 0.14899943023920059 0.24438730378945669 0.27219769656658171 0.19494403898715973 0.0000000000000000 0.34681948613036762 6.0092587006833827E-017 0.18059052101203374 0.31055647134780884 0.14452693839707681 0.18616887181997299 0.18691407971911961 0.18548342585563660 0.30806919719491688
