2 35.1 610.227 0.402711362 ave dis 0.49675094895635613 0.35922615307001710
3 48.0 489.298 0.388140649 ave dis 0.48241908367224567 0.21353363373412260 0.29287165683381866
4 52.7 444.588 0.405144960 ave dis 0.42645305695263208 0.40479581858566466 0.21205329392599848 0.29225911110296809
5 57.2 402.125 0.436468482 ave dis 0.25573639957526323 0.39725670749666514 0.50056452261723150 0.21265427017916236 0.28741636965423822
6 61.2 365.118 0.454350799 ave dis 0.24633484539780914 0.45058179639496848 1.8282113062188132E-002 0.27760846912860870 0.29006141901532295 0.51518243396437013
7 63.5 343.076 0.468376696 ave dis 0.27760846912860870 0.22169661727087553 0.29060148935893487 1.5706548830877021E-002 0.49515267017899756 0.41520098584597226 0.56419195376691367
8 65.2 327.424 0.473465055 ave dis 0.37624429734800591 0.24300915110802304 0.53342243339176532 0.27760846912860870 0.24304498578387462 0.47066830635070800 1.5706548830877021E-002 0.41716020228876466
9 67.4 306.521 0.487090617 ave dis 0.27760846912860870 0.24065667758820411 0.42530818945831722 0.33253511949892967 0.53251292941070372 1.5706548830877021E-002 0.45074031926118413 0.52737066930937537 0.21409453621326391
10 68.5 296.14 0.344587415 ave dis 0.27760846912860870 0.33253511949892967 0.24065667758820411 0.42530818945831722 0.21313435697395886 7.1310535921105020E-002 0.53216251503613032 0.52737066930937537 0.45210201958663593 1.5706548830877021E-002
11 69.5 287.028 0.359603435 ave dis 0.46952836737414905 0.50845195029092871 0.43364480510354042 0.52521155453195756 0.13268358277374523 0.38283806812914112 0.20776571481581252 0.33426190759891117 1.5706548830877021E-002 0.27760846912860870 0.24300915110802304
12 70.7 275.949 0.396322399 ave dis 0.47698773241812181 1.5706548830877021E-002 0.38991718908150991 0.15124975361870330 0.57130903704091907 0.36918688747849498 0.42519134203238146 0.33622744916730624 0.43535546135546555 0.22675867525139295 0.19425180530804512 0.27760846912860870
13 71.4 269.274 0.368774176 ave dis 1.5706548830877021E-002 0.13497225752678410 7.1310535921105020E-002 0.47365613247860561 0.44635321540156686 0.42702087394804822 0.14936043451038691 0.26487064074485672 0.21710562284262674 0.19560292522034076 0.37305344801537599 0.57952420749971945 0.44493726061450112
14 72.3 260.387 0.380680144 ave dis 0.49872611694865754 0.38218429378450736 0.44280702684606826 0.83203134847723914 7.2485385635464458E-002 0.26487064074485672 0.46917977300753078 0.13956632412620038 0.17828076320469508 1.5706548830877021E-002 0.33622744916730624 0.22675867525139295 0.36676311891683389 0.41853874099665672
15 73.3 251.001 0.374877155 ave dis 0.50845195029092871 0.38426297333310633 0.53679247458775836 0.37621985217358206 0.42631405131781802 1.5706548830877021E-002 0.12262901399793813 7.1310535921105020E-002 0.33410834679097839 0.43527544580273708 0.34120872011408210 0.14936043451038691 0.26487064074485672 0.13954475489647492 0.20013872533671770
16 73.8 246.115 0.390373170 ave dis 0.35294060626604262 0.33622744916730624 0.17298485452661644 6.9981196818166766E-002 0.40006187282226702 0.38196372495938652 0.43921624255530972 0.55325279757380486 0.77573769668052939 9.5171658582584834E-002 0.41825260286745819 0.12772094438803364 0.55658947862684727 1.5706548830877021E-002 0.41965091608132526 0.22675867525139295
17 74.4 240.549 0.387020618 ave dis 0.91212933338605440 0.52503313320987632 0.46154356057997104 0.37750889160739842 0.53679247458775836 0.35260004539098311 0.42299021602566561 1.5706548830877021E-002 0.12262901399793813 7.1310535921105020E-002 0.30709327136476833 0.35052936760390679 0.34120872011408210 0.13570877869875686 0.26487064074485672 0.10330034629709420 0.19095125551247477
18 74.4 240.534 0.382605344 ave dis 0.53206567549043227 1.5706548830877021E-002 0.33914910000748932 9.7448636237749325E-002 0.52439471835992779 0.36433528559486361 0.36896745940049491 0.42665452316955282 0.39870856434870988 0.21156687709418209 9.5171658582584834E-002 0.62211715181668603 0.36247304230928423 0.33253511949892967 0.18433452851791432 7.2485385635464458E-002 0.43526559946488363 0.33361736152853283
19 75.3 231.913 0.434125513 ave dis 0.46969564546618547 0.55658947862684727 0.28398495636604448 0.17644984712749850 0.12821134456306799 9.5171658582584834E-002 0.37856506886555974 0.13570877869875686 0.44298105804543747 0.21254060724467944 0.10893363590267571 0.41722074357362893 0.34415359951315388 0.42567474419070828 1.5706548830877021E-002 0.39667998694005557 0.83411719153324759 0.45549362626942719 0.38129342005898553
20 75.8 227.29 0.415341794 ave dis 0.95938859134912491 1.5706548830877021E-002 0.34227366479792337 0.15493731738693145 0.45613991618156435 0.41825260286745819 0.46922494311417851 0.20635777619560208 0.22441227762472063 0.22115340656959093 0.33622744916730624 0.37316398344822782 0.38739329132071715 6.0092587006833827E-017 6.7736278648264314E-002 0.27337824801603955 0.33309839272664654 0.12262901399793813 0.42357785627245903 0.37307194567901986
21 76.3 222.996 0.426822305 ave dis 0.13356627159120979 0.42724235635250807 0.41825260286745819 0.47010805470901623 0.19427378656896385 9.5171658582584834E-002 0.23937046094374223 0.42950346469879153 0.37483468166354933 0.38475154233830317 0.83685396205295215 6.0607987088741551E-002 0.55658947862684727 0.34298641431331633 0.12911631661454137 0.48360925096355073 9.0869608054083475E-003 0.30501368641853333 0.20345189339005865 0.36429337196160055 0.36449848148929936
22 76.8 217.865 0.415655851 ave dis 9.5171658582584834E-002 0.40900560008718612 0.16193289436284491 0.35131392018361524 0.44110642172194814 7.1985938194496876E-002 0.38423809241883611 0.30523549715677895 0.45970153331756591 0.58422406631357526 0.12262901399793813 0.90613246460755670 0.20652558544167765 0.32731898411594590 0.40265997735465447 0.33983357016705285 0.30628318924989018 0.41825260286745819 0.20110449520871043 0.38028196180644241 0.42567474419070828 1.5706548830877021E-002
23 76.9 217.29 0.406167805 ave dis 0.15663034984795693 0.44298105804543747 0.61473961437449731 0.10455155141394713 0.50047187672721016 0.36189630616080853 0.30178403693896072 0.47053287306736258 0.31617680895659661 0.27564769045070364 0.39857635118307605 5.4175381399558534E-002 0.23178778982387399 0.12304108399631722 0.41825260286745819 0.39740749512399948 0.38784326504969940 0.93848529687294591 0.21168516106677779 1.4101685667346557E-002 0.27974528357197964 0.51053508510023859 0.44209687132388353
24 77.6 210.573 0.434505641 ave dis 0.13689532893330758 0.36621143631369091 0.42386504443916112 9.5171658582584834E-002 0.33309839272664654 0.38376774798546520 0.35943752486963532 0.55658947862684727 0.11925807269794415 0.17651757001876830 0.21078317735071589 0.32708293584914044 0.50957029064496362 0.48533835820853710 0.43561304565789044 0.92815477572954619 0.12635679657358934 0.37718362409433870 0.44160282798111439 1.5706548830877021E-002 0.40638129548592999 5.1544391891831971E-002 6.5196587324694355E-002 0.48752536258455048
25 77.5 211.425 0.409215957 ave dis 0.33680410485933809 0.81050500869750974 0.46814136207103729 0.33850050384693958 9.6338682284113020E-002 0.20855034995286620 6.0092587006833827E-017 3.7749179909978788E-002 0.32554546539234902 0.39418939715724882 0.14411289107076006 0.34286942242672946 0.22360601001664213 0.44165589732508503 0.47053287306736258 0.41825260286745819 1.5706548830877021E-002 0.10637321528689615 9.5171658582584834E-002 0.43389143918951351 0.37004795066028273 0.52933466960402098 0.35192996497029688 0.40530642853541810 0.55658947862684727
26 78.2 205.283 0.433010757 ave dis 0.27040128467174679 6.5979896178403941E-002 9.6338682284113020E-002 0.43881545697941499 0.40023592741865860 0.11747128245505420 0.41142047316797320 0.21258853452675269 0.44056125275500407 0.30800712736798269 0.32693684082932589 0.42567474419070828 1.4101685667346557E-002 0.41722301875843720 0.52241566209566026 0.34287505135649726 0.42019329544825429 0.24490370287706978 0.26487064074485672 0.14301913161618157 0.32394555427026056 0.47010805470901623 0.90613246460755670 0.10893363590267571 0.41825260286745819 0.33959475039474424
27 78.3 204.252 0.437813640 ave dis 0.31554519462941300 0.11992207991509785 0.44175609350204470 0.36797900891852103 0.38236502896655689 0.32250204498951252 0.55658947862684727 1.5706548830877021E-002 0.30566809255825844 0.40900560008718612 0.43488740017919830 0.89086456298828121 0.47010805470901623 0.12303497776389122 9.5171658582584834E-002 0.20657693157777374 0.41835774295032024 0.34216660483815203 0.31566519362311207 6.0092587006833827E-017 4.1366458269062954E-002 0.61452488452196119 0.40113030609331635 9.6338682284113020E-002 0.39262420270178056 0.35936625860631466 0.30501368641853333
28 78.6 201.106 0.438636035 ave dis 0.57757314810386073 8.4735415551973420E-002 3.6723161953386298E-002 0.11881756294081369 0.45597594214040177 0.46433150954544544 0.27183706139524777 0.41213324510802823 0.41050751636857574 0.35131392018361524 0.28314565304590733 0.44938105557646069 0.33008525740932410 0.31566519362311207 0.29623711109161377 0.55658947862684727 0.12057993624467349 0.28783706914294849 0.21066454320964290 0.31080958523132185 0.46922494311417851 0.33761746196214820 0.10144299511299577 0.80972768579210552 0.17964882664382459 0.35376732349395751 0.42567474419070828 1.5706548830877021E-002
29 79.4 194.186 0.449010164 ave dis 1.5706548830877021E-002 0.25653278368098714 0.42567474419070828 0.37443348889549571 0.47010805470901623 0.11541576270923712 0.32176790595985949 0.12152862720191479 0.21877175640492214 0.35644255081812543 6.0092587006833827E-017 0.32745798719780783 0.23912204839289189 0.34379894789156873 0.39533583206288953 0.41430612066958811 0.12559080570936204 9.6338682284113020E-002 0.30695555552840231 0.55740067859490716 8.4735415551973420E-002 3.6723161953386298E-002 0.33841426041908562 0.41825260286745819 0.81050500869750974 0.40680802101269364 0.35862483183542887 0.32342951893806460 0.55658947862684727
30 79.7 190.521 0.447414190 ave dis 0.40924510425991484 7.3016647612903177E-002 0.21078317735071589 0.46122762064139050 8.6831805989146235E-002 0.45549362626942719 0.34248895261515960 0.27383473639686901 8.4735415551973420E-002 0.74486690759658813 0.32179322483993711 0.29575574802335841 0.12073501836910823 0.39952482077582130 0.55658947862684727 0.32554056601864950 0.34379894789156873 0.44423665934138828 0.40430258902219623 3.5127757411254082E-002 0.81050500869750974 1.5706548830877021E-002 0.40738474205136299 0.17758574463972232 0.40673856834570565 0.36779679712795077 0.32527537178248167 0.38376774798546520 0.13109046136777774 0.44709086074278903
31 79.8 190.056 0.445012420 ave dis 0.29952205903828144 0.45549362626942719 0.45274984836578369 0.16340774074196815 8.4735415551973420E-002 0.74486690759658813 0.27369333424351433 0.35558908159780028 0.31274786105862368 0.11852397080773198 0.38917342094438417 0.47181755423545835 0.33991747094860558 0.34379894789156873 0.78445849418640134 0.55658947862684727 3.5127757411254082E-002 0.41326763055154253 1.5706548830877021E-002 0.40738474205136299 0.23926663010691604 0.11453905843951728 0.36779679712795077 0.32541058649276866 0.38764915889815282 0.13109046136777774 0.44815660516421002 0.21078317735071589 8.5665902878385949E-002 0.34829703345894814 0.70825927257537846
32 79.8 189.568 0.447140008 ave dis 0.33770846521312542 0.12232861943542957 0.10893363590267571 0.31040106103533788 0.30633034805456799 0.41142047316797320 0.28195064663887026 0.31106644147826779 0.20513956169597805 0.23913620156901225 1.5706548830877021E-002 0.48533835820853710 0.27040128467174679 0.55658947862684727 0.36596774973947072 0.29488544423004676 0.10861741703582173 7.8892735117846280E-002 9.5171658582584834E-002 0.34476361676292905 3.6723161953386298E-002 0.61473961437449731 0.38096404338584228 0.30512821125356776 0.36058485487828384 0.38236502896655689 0.80972768579210552 0.44761180591124755 0.43192401677370074 0.46109053823682999 0.44209687132388353 0.36106701059774921
33 80.4 184.551 0.440512776 ave dis 0.85370173305273056 1.4101685667346557E-002 0.35862483183542887 0.40023592741865860 0.52211318674840423 0.29483620077371597 8.4735415551973420E-002 0.45152981308373535 3.6889611153901741E-002 0.51808602469308040 0.34578265357448396 0.22161135003341370 0.11747128245505420 8.7751193227426666E-002 0.32345123864986280 0.38784326504969940 0.30021758655707043 0.10893363590267571 0.41825260286745819 0.31106644147826779 0.10958656746648168 0.28352230522367688 0.27040128467174679 0.18977517657438103 0.40748224701992303 0.55658947862684727 0.17659313667279022 0.70584430864879066 0.41142047316797320 0.38790218815917060 0.29318015325453972 0.43041822500526905 0.39245367901665823
34 80.4 184.691 0.454806387 ave dis 0.47053287306736258 0.10519930002160538 0.34749374737342198 0.39418573000214319 0.12705829289585058 9.6338682284113020E-002 0.37134543744226295 0.27040128467174679 0.55658947862684727 0.32352160241292871 0.39061145030933880 0.70440284411112464 8.7496121171205072E-017 0.20309321274980902 1.9316602228828088E-003 0.41433941945433617 0.78816018785749165 0.36470980160307176 0.41825260286745819 0.27337824801603955 8.4735415551973420E-002 0.32507886671062025 0.70825927257537846 0.10893363590267571 0.40023592741865860 0.21785739848488256 0.32126779085956514 0.44417321778112845 0.26295418933861786 0.24998684776456734 0.40594605494428565 0.31566519362311207 3.6723161953386298E-002 0.45236272811889650
35 80.5 183.087 0.447247535 ave dis 0.27337824801603955 0.20543057459496683 3.3405467663242511E-002 0.20467065833508968 0.38720370204217974 0.44101387646890455 0.16452572406746271 0.40900560008718612 0.35862483183542887 0.30512821125356776 0.40621974567572278 0.55658947862684727 0.31919989551323047 0.30523549715677895 0.35943752486963532 0.78816018785749165 0.10599599441004157 0.17089893089400399 0.20469961551405627 0.29715738407891207 0.45152981308373535 6.0092587006833827E-017 0.20109461698421213 0.83123427629470825 0.10159985815266986 0.35871821368734041 0.41449700347308455 1.5706548830877021E-002 0.40638129548592999 8.4735415551973420E-002 6.5196587324694355E-002 0.45379559783374562 0.53011108327794954 0.10400410763314230 0.33342571619178069
36 80.8 180.628 0.444893330 ave dis 0.38410663692390218 0.38783250749111176 0.20362463290803134 0.10455155141394713 0.15829271732857733 1.5706548830877021E-002 9.7696519351523861E-002 0.41825260286745819 0.40869707614183426 0.34426052123308182 0.46464015272530640 0.30512821125356776 0.38384288052717846 0.83123427629470825 0.18162801667400028 0.46804321885108946 0.31696089328109445 0.29357869558511895 0.78816018785749165 0.42860219063180865 0.39628937661647795 0.37088548848705905 0.12635679657358934 0.32660157641638882 0.27564769045070364 0.55658947862684727 8.6831805989146235E-002 0.31501731300940278 0.33707787580788134 0.33189106413296293 0.43537729399071801 0.47531143575906754 0.40025062095828173 3.3405467663242511E-002 7.4605840248065991E-002 0.20072750331925565
37 81.0 178.385 0.443957865 ave dis 0.31042654290795324 0.30512821125356776 8.5665902878385949E-002 0.32114019737179789 0.43616173948560444 0.44242628167072934 0.40477414105249487 0.38421665564660101 0.44731045246124268 0.40770076314608256 6.5196587324694355E-002 0.20499149807121442 0.44104861617088320 0.30328360944986343 0.31059359357907224 0.32434797139815341 0.22377522560683163 7.4605840248065991E-002 0.55658947862684727 0.25800714140035669 0.16742971520870925 9.7408412132635069E-002 0.38520048779469951 0.85370173305273056 0.28987688705569409 0.38566465167010705 0.44423665934138828 0.12152862720191479 3.6554867757505244E-002 0.71187038421630855 6.0472271779198547E-003 0.43881545697941499 0.15613437385151260 0.40530215601126351 0.36779679712795077 0.32046739650624140 0.30523549715677895
38 81.3 175.548 0.462870926 ave dis 0.35887374616030493 0.39615354107485878 0.79506680038240218 0.34829703345894814 3.6723161953386298E-002 1.2481105499986321E-002 0.36394339516049340 0.28951428366489096 0.30593700268689322 0.41807786325613655 9.6338682284113020E-002 0.17651757001876830 9.5171658582584834E-002 0.32764731309023398 0.55658947862684727 0.30512821125356776 0.36336280703544616 0.48533835820853710 0.18650147203624862 0.11133248262009050 0.30870138663871616 0.31488458812236786 6.0092587006833827E-017 0.46613873865293420 0.38396830360094708 0.32490126623047721 0.17659313667279022 0.27245703480153716 0.62965609133243561 0.38334222576197458 0.12635679657358934 0.34163935979207355 0.38931882594312939 0.25128355176649358 5.9887793520465492E-002 0.30523549715677895 0.30815436797482626 0.45112146768305039
39 81.4 175.049 0.453391582 ave dis 0.12620804741583913 0.72161767482757566 0.34829703345894814 0.29067175865989842 0.35786047577857971 0.42225358973849902 1.4101685667346557E-002 0.72467411756515498 0.59503479301929474 0.23681626936724021 0.32760019485767072 0.44861788153648374 0.37267832178622484 0.35251407950155195 0.35982070366541546 0.67232131958007812 0.20109461698421213 4.1366458269062954E-002 0.36088177561759949 0.10184091256781556 0.32121280569961108 0.44101387646890455 0.41177903578199188 9.6338682284113020E-002 0.31831457775372723 7.4605840248065991E-002 0.35733021743464888 0.37443348889549571 0.47846575195972735 0.36611449718475342 0.48533835820853710 0.20469961551405627 0.11812431056692142 0.28260956413862182 0.29215137054354456 0.30523549715677895 0.38497588173909619 0.44387640334941725 0.39418573000214319
40 81.7 172.475 0.459183186 ave dis 0.20163780422527580 0.58795852214097977 0.36431699246168137 8.4735415551973420E-002 0.31106644147826779 0.55658947862684727 0.33838863865188928 0.10893363590267571 0.78816018785749165 0.30512821125356776 0.20109461698421213 0.39468586817383766 0.37443348889549571 0.47531143575906754 0.41360882471005123 0.10982587849049225 0.19253750669575015 0.38344179532107187 0.44101387646890455 0.35369871414843057 0.24764554202556610 9.4719413227016686E-002 0.73041598002115882 0.78445849418640134 0.23918213375977107 0.10730795203638610 0.44530017822980883 1.9316602228828088E-003 0.41142047316797320 0.40680706625183422 0.23121850880292746 0.39401435355345410 0.44078972308259262 0.30667456871632376 0.36223437127314118 0.30258159136887891 0.42457650270726943 0.34829703345894814 3.6889611153901741E-002 0.17651757001876830
41 81.7 172.518 0.452251107 ave dis 0.11048223324043234 0.36364939911612149 0.22377522560683163 0.80972768579210552 8.5665902878385949E-002 0.31508460817700723 0.37573494376807376 8.7496121171205072E-017 0.40216218612410803 0.46452781428461487 0.39519400596618653 3.3405467663242511E-002 8.4735415551973420E-002 0.17282820578294855 0.55658947862684727 0.32966375733033204 0.27742447282956995 1.9316602228828088E-003 0.45410731335481008 0.35455219842055263 0.78816018785749165 0.20467065833508968 0.22394284299191305 0.39482769888380298 0.40553653140862783 0.33825677407510352 0.33146320129262991 0.32700769425857634 0.45402847602963448 0.44423665934138828 0.28524476827846634 0.28793605760242164 0.44530017822980883 9.1762116425251838E-002 0.20700870477306990 0.17758574463972232 0.42743531664212547 0.10893363590267571 0.36779679712795077 0.44296391946928843 0.38329934441682062
42 82.0 169.368 0.460253596 ave dis 0.47570812063557760 6.0092587006833827E-017 0.37922058627009392 0.24918476939201356 8.0462655182851200E-002 0.34829703345894814 0.45101324468851089 0.38746612573015515 9.6654675859544015E-002 0.10893363590267571 0.28925631105244815 0.25837319519589930 0.41142047316797320 0.27388290777092889 0.31106644147826779 0.48036473506205790 0.20805933901241846 1.4101685667346557E-002 0.23251663961193778 0.27040128467174679 0.72467411756515498 0.26993157230971154 0.19979361458258196 0.10538659417915201 0.59503479301929474 9.5171658582584834E-002 0.21607772276589746 3.6723161953386298E-002 0.69428136348724367 0.36431699246168137 0.30512821125356776 0.39654786522324020 0.38236502896655689 0.64528910070657730 0.44761180591124755 0.35862483183542887 0.44453604383902118 0.38520048779469951 0.78445849418640134 0.20327462790147313 0.33046377582909309 0.36106701059774921
43 82.3 166.859 0.454647630 ave dis 0.37708145120869513 0.18057990149132111 8.4422854788971866E-002 0.39392420539149531 0.52814400990804033 0.30310110358091502 0.38249037821184506 0.73041598002115882 0.23243123069405555 3.3405467663242511E-002 0.76430177026324797 1.9316602228828088E-003 0.27337824801603955 0.17758574463972232 0.10893363590267571 0.36779679712795077 0.29698872265029463 0.45152981308373535 9.3160975891887474E-002 0.35943752486963532 0.19626484352808732 0.27208329737186432 0.44423665934138828 0.55658947862684727 0.27383473639686901 7.4605840248065991E-002 8.5455157349304284E-002 0.39061400464602880 0.39697641375902537 0.19855863129099210 0.41433941945433617 0.19741278458987513 0.40513727689782780 0.27982254326343536 0.31815133702296478 0.35923713510451111 0.40430258902219623 0.33990758548422556 6.0092587006833827E-017 0.30512821125356776 0.30485691130161285 0.19979361458258196 0.78816018785749165
44 82.1 167.942 0.442232549 ave dis 0.30836393977656507 0.38236502896655689 0.27337824801603955 8.4735415551973420E-002 7.9978498135819850E-002 0.68953591585159302 0.10893363590267571 0.39621233859577693 0.21570099890232086 0.37700241804122925 0.51414137085278833 0.24731691937838027 0.34749374737342198 0.41817254033581963 0.31106644147826779 0.15529666934162378 0.45236272811889650 0.78445849418640134 0.78816018785749165 0.30354947447776792 0.27397648848238443 0.35943752486963532 0.38591510524500661 0.45152981308373535 0.19984363156852994 0.28162131607532503 1.6632675798988441E-002 0.27040128467174679 0.34545707339193765 0.50679084429374111 0.12152862720191479 0.55658947862684727 0.38497588173909619 9.9656063545909196E-002 0.29408152401447296 6.0092587006833827E-017 0.38790218815917060 0.24808838478354520 0.30639656692743300 0.23001925906409387 1.9316602228828088E-003 0.14273768118700059 0.17651757001876830 0.40430258902219623
45 82.4 165.28 0.445278496 ave dis 0.40894091838882085 0.37443348889549571 0.47181755423545835 0.42208968024504812 0.11408969292379155 0.13417796652857997 0.39418573000214319 0.36779679712795077 0.32711068610119265 0.30523549715677895 0.24764554202556610 9.7596193260041958E-002 0.82304698228836060 0.44423665934138828 0.25590488337911665 0.31226486361251687 6.0092587006833827E-017 1.9316602228828088E-003 0.53912643591562903 0.17651757001876830 0.20467065833508968 0.39244449609204340 0.44078972308259262 0.37793323578256549 0.35887374616030493 0.28833740523883272 0.66229081153869629 0.19648545651241792 3.3405467663242511E-002 0.36088177561759949 9.5018183162739106E-002 0.30337621936431297 0.22377522560683163 0.37452180559436482 8.5665902878385949E-002 0.55658947862684727 7.4605840248065991E-002 0.34789550274610520 0.39392973482608795 0.64356567859649660 0.43459192429270060 0.40738474205136299 0.20309321274980902 0.19482915507534804 0.26769933987546851
46 82.5 164.858 0.447825581 ave dis 0.35547890746966004 0.78816018785749165 0.44417321778112845 0.52814400990804033 0.10210731719964988 0.39060528117876786 0.28902211713214077 0.29200275272739179 1.9316602228828088E-003 0.10922368406318128 0.35870195810611433 0.44423665934138828 0.29326912367118979 0.17651757001876830 3.6723161953386298E-002 0.31046757102012634 0.38520048779469951 0.21248360756006870 0.28916999785339131 0.33995847590267658 0.33182742219904193 0.24764554202556610 0.41065855324268341 0.10982587849049225 7.5238612383448825E-002 0.40073830916963776 0.27040128467174679 0.55658947862684727 0.44861788153648374 0.22275135079116531 0.70440284411112464 0.30512821125356776 0.19144076592213399 0.39392973482608795 0.40274576072035162 6.0092587006833827E-017 0.31453045404383112 0.38236502896655689 0.27337824801603955 8.4735415551973420E-002 0.31044508487570521 0.70825927257537846 0.10893363590267571 0.39439394987291759 0.20805933901241846 0.27657114235418184
47 82.8 161.686 0.455458432 ave dis 0.31835486393579293 0.34474760961943657 0.19741278458987513 0.58795852214097977 0.22124869244940140 7.4605840248065991E-002 0.30372917751471201 0.55658947862684727 0.28027582776789761 9.5018183162739106E-002 0.78816018785749165 0.35499840974807739 0.17758574463972232 0.40033658266067507 0.37443348889549571 0.47181755423545835 0.27821233790171773 0.10982587849049225 0.16387201589675038 0.35870195810611433 0.36779679712795077 0.35619394381841024 0.24613750608343826 9.4970820675018136E-002 0.73041598002115882 0.78445849418640134 0.30512821125356776 0.30485100618430544 0.44530017822980883 1.9316602228828088E-003 0.36611449718475342 0.40972994423160952 0.23121850880292746 0.39244449609204340 0.44861788153648374 0.37793323578256549 0.35887374616030493 0.28015191853046417 0.39392973482608795 0.34829703345894814 3.5127757411254082E-002 0.17651757001876830 0.39482769888380298 0.30337621936431297 0.22377522560683163 0.35923713510451111 8.5665902878385949E-002
48 82.8 161.913 0.400475442 ave dis 0.38958097879703230 0.29390881161974824 0.25763929741723196 0.39642328094868434 0.22296329008208382 1.4101685667346557E-002 0.27337824801603955 0.33825677407510352 0.28074648933751245 0.30445878299383017 0.27930956042331195 9.3476341116556769E-002 8.0462655182851200E-002 7.4605840248065991E-002 0.19511053206051809 3.3405467663242511E-002 0.78816018785749165 0.33204141976656737 0.38964829465438577 0.31802063852548601 0.38236502896655689 0.70825927257537846 0.44273085594177247 8.7496121171205072E-017 0.34829703345894814 0.39771059870719910 0.78445849418640134 0.19448509012659390 0.37700241804122925 0.35870195810611433 0.33188689574599267 0.27789768165555495 6.0092587006833827E-017 6.5101640784189480E-002 0.44851708660523099 0.39909709990024567 0.27854481755301008 0.10893363590267571 0.55658947862684727 0.30512821125356776 0.27040128467174679 0.35923713510451111 0.37443348889549571 0.47533235731332196 0.22619248884064810 0.10616691026370972 0.14167462435902142 0.40023592741865860
49 83.0 160.113 0.472270459 ave dis 0.30577878654003143 1.9039625474702445E-002 0.27383473639686901 0.38464752667480046 0.43616173948560444 0.23273325428880495 0.52920299371083579 0.39804713303844136 9.1798933228908142E-002 0.29018142601338831 0.40557000935077669 0.35419816851615904 0.27138278743735067 0.30769226413506728 6.0092587006833827E-017 1.9316602228828088E-003 0.22559063623447229 0.39952482077582130 0.37443348889549571 0.35887374616030493 8.7496121171205072E-017 0.17758574463972232 0.63758694274084904 0.19968002218349723 0.30990058845943874 0.24597263336181641 0.25868165217064043 0.23121850880292746 0.24490370287706978 0.31422308087348938 0.40321537213666098 0.10893363590267571 8.1539025270670168E-002 0.40288622812791303 0.23251663961193778 7.4605840248065991E-002 0.15026051341556013 0.27076229416742559 0.36779679712795077 0.79506680038240218 0.36106701059774921 0.35493982380086725 0.30512821125356776 0.74486690759658813 0.48517239906571130 0.29528486728668213 0.44861788153648374 0.10616691026370972 0.44423665934138828
50 83.2 158.125 0.464107364 ave dis 0.35419816851615904 0.37302749291543036 0.28602447057211838 0.57980646193027496 0.32155072139132590 0.10184091256781556 0.74486690759658813 0.31100372597575188 0.17758574463972232 0.14094968140125275 0.37443348889549571 0.47531143575906754 0.46368661895394325 0.10982587849049225 0.16781674870630589 0.19311476379197878 0.36779679712795077 0.36106701059774921 0.24764554202556610 9.2724542275410396E-002 0.68953591585159302 0.78445849418640134 0.20866890300492771 0.30403646886950791 6.0092587006833827E-017 1.9316602228828088E-003 0.55658947862684727 0.40836480818688869 3.8722185418009758E-002 0.38268201053142548 0.44435782879590990 0.35716799302743030 0.35887374616030493 0.30591923580504954 0.39392973482608795 0.17761174837748209 3.5127757411254082E-002 0.17651757001876830 0.39804713303844136 0.30486477301879361 0.27383473639686901 0.36740970114866894 8.5665902878385949E-002 0.51414137085278833 7.4605840248065991E-002 0.37411910096804302 0.22664490487517380 0.28271349685059655 0.36611449718475342 0.23251663961193778
